    0.000000
    0.000000
    0.000000
    0.000000
    0.000000
    0.000000
    0.000000
    0.000000
    0.000000
    0.000000
    0.000000
    0.000000
    0.000000
    0.000000
    0.000000
    0.000000
    0.000000
    0.000000
    0.000000
    0.000000
    0.000000
    0.000000
    0.000000
    0.000000
    0.000000
    0.033528
    0.268222
    0.989738
    2.338893
    4.088288
    5.635229
    6.265014
    5.635229
    4.088288
    2.338893
    0.989738
    0.268222
    0.033528
    0.000000
    0.000000
    0.000000
    0.000000
    0.000000
    0.000000
    0.000000
    0.000000
    0.000000
    0.000000
    0.000000
    0.000000
    0.000000
    0.000000
    0.000000
    0.000000
    0.000000
    0.000000
    0.000000
    0.000000
    0.000000
    0.000000
    0.000000
    0.000000
    0.000000
    0.000000
    0.000000
